$MeshFormat
4.1 0 8
$EndMeshFormat
$Entities
11 9 2 0
1 0.7 0 0 0 
2 0.7 1.1 0 0 
3 0 1.1 0 0 
4 0 0.85 0 0 
5 0.43 0.85 0 0 
6 0.42 0.08 0 0 
7 0.33 0.13 0 0 
8 0.33 0.75 0 0 
9 0 0.75 0 0 
10 0.1 0.4 0 0 
11 0.52 0.03 0 0 
1 0.7 0 0 0.7 1.1 0 1 9 2 1 -2 
2 0 1.1 0 0.7 1.1 0 1 9 2 2 -3 
3 0 0.85 0 0 1.1 0 1 9 2 3 -4 
4 0 0.85 0 0.43 0.85 0 1 9 2 4 -5 
5 0.42 0.07999999999999996 0 0.43 0.85 0 0 2 5 -6 
6 0.42 0 0 0.7 0.08 0 0 2 6 -1 
9 0.33 0.13 0 0.33 0.75 0 0 2 7 -8 
10 0 0.75 0 0.33 0.75 0 0 2 8 -9 
11 0 0.13 0 0.33 0.75 0 0 2 9 -7 
11 0 0 0 0.7 1.1 0 1 111 6 1 2 3 4 5 6 
22 0 0.13 0 0.33 0.75 0 1 222 3 9 10 11 
$EndEntities
$Nodes
20 69 1 69
0 1 0 1
1
0.7 0 0
0 2 0 1
2
0.7 1.1 0
0 3 0 1
3
0 1.1 0
0 4 0 1
4
0 0.85 0
0 5 0 1
5
0.43 0.85 0
0 6 0 1
6
0.42 0.08 0
0 7 0 1
7
0.33 0.13 0
0 8 0 1
8
0.33 0.75 0
0 9 0 1
9
0 0.75 0
1 1 0 7
10
11
12
13
14
15
16
0.7 0.1374999999997611 0
0.7 0.2749999999993322 0
0.7 0.4124999999989085 0
0.7 0.5499999999985281 0
0.7 0.6874999999988852 0
0.7 0.8249999999992422 0
0.7 0.9624999999995993 0
1 2 0 4
17
18
19
20
0.5600000000003078 1.1 0
0.4200000000006524 1.1 0
0.280000000000685 1.1 0
0.1400000000003422 1.1 0
1 3 0 1
21
0 0.9749999999992194 0
1 4 0 3
22
23
24
0.1074999999997391 0.85 0
0.2149999999994157 0.85 0
0.3224999999996996 0.85 0
1 5 0 5
25
26
27
28
29
0.4283333333333375 0.7216666666669844 0
0.4266666666666746 0.5933333333339477 0
0.4250000000000125 0.465000000000965 0
0.423333333333342 0.3366666666673322 0
0.4216666666666707 0.2083333333336446 0
1 6 0 2
30
31
0.5067210778795677 0.03420358937407596 0
0.6027548161343146 0.01407609217967894 0
1 9 0 4
32
33
34
35
0.33 0.2539999999997095 0
0.33 0.377999999999343 0
0.33 0.5019999999993214 0
0.33 0.6259999999996813 0
1 10 0 2
36
37
0.2200000000002545 0.75 0
0.110000000000278 0.75 0
1 11 0 5
38
39
40
41
42
0.02791237627753187 0.633181680440789 0
0.05547423458358514 0.5162761696052978 0
0.09784948377948334 0.4040962259567655 0
0.1658991850848286 0.3054126819952188 0
0.2479035143856179 0.2176642613462564 0
2 11 0 20
43
44
45
46
47
48
49
50
51
52
53
54
55
56
57
58
59
60
61
62
0.5477925531914529 0.9475478723404598 0
0.5711043331319299 0.1938525388878965 0
0.56005865161332 0.7841334374250941 0
0.3683258308621064 0.9753953852772936 0
0.1612499999995774 0.97012499999997 0
0.552060037504324 0.4021292312995683 0
0.5681091984705703 0.6197357070622636 0
0.2694151661722968 0.9491040770554529 0
0.5197730196377911 0.5122896543390926 0
0.517004778670097 0.2931303316716298 0
0.4823934361839165 0.995226291986461 0
0.6108871316370057 0.8701162607936853 0
0.4974015940974134 0.1202992682362955 0
0.5755963642486451 0.09998629773554162 0
0.07947808724508507 0.93462615503058 0
0.6087332366341149 1.007051544407191 0
0.6079884511225371 0.4993309185396722 0
0.07680144735295075 1.022399380265039 0
0.5204217363097552 0.870000962146034 0
0.6080338298612702 0.3153224203714671 0
2 22 0 7
63
64
65
66
67
68
69
0.1739055457624651 0.5758423558968438 0
0.202615704294545 0.4798642285094114 0
0.256535488061937 0.3085068476586909 0
0.2105799722441588 0.3751759968238859 0
0.2364040323319253 0.653637362679324 0
0.254653344864319 0.5644827458909936 0
0.1176708841365771 0.6612767955174649 0
$EndNodes
$Elements
6 111 1 111
1 1 1 8
1 1 10 
2 10 11 
3 11 12 
4 12 13 
5 13 14 
6 14 15 
7 15 16 
8 16 2 
1 2 1 5
9 2 17 
10 17 18 
11 18 19 
12 19 20 
13 20 3 
1 3 1 2
14 3 21 
15 21 4 
1 4 1 4
16 4 22 
17 22 23 
18 23 24 
19 24 5 
2 11 2 66
20 53 5 61 
21 19 47 50 
22 46 5 53 
23 31 10 56 
24 14 45 49 
25 44 11 62 
26 10 11 44 
27 5 25 45 
28 19 20 47 
29 45 25 49 
30 43 53 61 
31 46 19 50 
32 14 15 45 
33 24 5 46 
34 13 49 59 
35 49 51 59 
36 25 26 49 
37 5 45 61 
38 52 44 62 
39 22 23 47 
40 13 14 49 
41 18 19 46 
42 27 28 48 
43 24 46 50 
44 49 26 51 
45 10 44 56 
46 47 23 50 
47 29 44 52 
48 27 48 51 
49 29 6 55 
50 44 29 55 
51 48 28 52 
52 43 54 58 
53 53 43 58 
54 26 27 51 
55 22 47 57 
56 23 24 50 
57 28 29 52 
58 54 16 58 
59 21 4 57 
60 17 53 58 
61 4 22 57 
62 45 15 54 
63 12 48 62 
64 48 12 59 
65 15 16 54 
66 20 3 60 
67 17 18 53 
68 11 12 62 
69 18 46 53 
70 2 17 58 
71 16 2 58 
72 12 13 59 
73 3 21 60 
74 47 20 60 
75 6 30 55 
76 30 31 56 
77 51 48 59 
78 48 52 62 
79 57 47 60 
80 54 43 61 
81 55 30 56 
82 21 57 60 
83 45 54 61 
84 44 55 56 
85 1 10 31 
2 22 2 26
86 63 39 64 
87 33 64 66 
88 39 63 69 
89 33 34 64 
90 38 39 69 
91 7 32 42 
92 39 40 64 
93 67 36 69 
94 36 37 69 
95 37 9 69 
96 9 38 69 
97 63 67 69 
98 32 33 65 
99 41 42 65 
100 35 8 67 
101 8 36 67 
102 64 40 66 
103 42 32 65 
104 63 64 68 
105 40 41 66 
106 64 34 68 
107 65 33 66 
108 34 35 68 
109 35 67 68 
110 67 63 68 
111 41 65 66 
$EndElements
